296
807
807
807
338
807
162
162
185
162
162
579
452
329
452
579
387
387
387
387
387
576
576
674
674
576
483
584
391
391
483
162
162
162
162
162
338
338
338
286
286
151
338
825
283
151
599
599
612
689
419
328
266
162
275
131
552
232
689
539
232
557
436
557
557
436
502
380
502
502
380
296
512
447
467
965
484
467
467
467
965
965
324
338
578
144
528
578
927
578
578
578
744
744
512
744
744
407
946
946
407
894
662
653
941
267
470
835
531
835
394
95
452
452
452
452
976
366
366
366
366
366
584
584
584
584
584
162
708
162
162
162
890
338
968
661
968
296
338
338
338
338
338
328
72
72
72
72
946
605
612
572
689
439
776
776
35
776
233
261
261
261
261
952
952
952
952
952
839
839
839
958
839
946
628
946
946
946
447
447
890
447
447
313
162
162
338
162
338
254
336
336
489
763
156
763
776
763
763
662
653
941
267
470
992
992
697
125
992
954
338
954
954
338
92
80
366
419
92
16
254
254
254
447
51
338
520
316
956
296
296
296
316
520
956
86
86
807
807
807
570
570
630
286
689
689
689
934
750
336
86
86
294
88
278
286
286
185
807
545
286
286
286
86
162
